version https://git-lfs.github.com/spec/v1
oid sha256:b40b56c3614ca11d8a734931403bb61f1800b9881ff53271814a0468168d6cab
size 78935545
